{
  "reconstruction": "colmap_hloc_align_folder\\rotated",
  "requested_count": 28,
  "exported_count": 28,
  "missing": [],
  "images": [
    {
      "file_name": "DJI_0802.JPG",
      "camera_to_world": [
        [
          -0.053364854711001275,
          -0.5318867844876163,
          -0.8451323214556983,
          0.9294262795178128
        ],
        [
          0.013018006103427238,
          0.8458958041468161,
          -0.5331892910063953,
          -2.5812063504711413
        ],
        [
          0.9984902221848568,
          -0.03945550676693205,
          -0.03821700128214833,
          -4.831900390274302
        ],
        [
          0.0,
          0.0,
          0.0,
          1.0
        ]
      ]
    },
    {
      "file_name": "DJI_0808.JPG",
      "camera_to_world": [
        [
          0.01559145341363366,
          -0.5338936895836831,
          -0.8454078511601204,
          0.9085202995896831
        ],
        [
          0.015098836636903923,
          0.8455399358972924,
          -0.533698643370034,
          -2.6688996849876827
        ],
        [
          0.9997644381116297,
          -0.004443537501199302,
          0.021244370120407252,
          -6.892255561408358
        ],
        [
          0.0,
          0.0,
          0.0,
          1.0
        ]
      ]
    },
    {
      "file_name": "DJI_0816.JPG",
      "camera_to_world": [
        [
          0.035749249963744956,
          -0.40729691375857946,
          -0.9125958662900933,
          0.6998250093860854
        ],
        [
          0.01651139257959744,
          0.9132956553222837,
          -0.40696243055658426,
          -2.7216624825235023
        ],
        [
          0.999224381729205,
          -0.0005196269590130309,
          0.03937467391244487,
          -8.60107986123693
        ],
        [
          0.0,
          0.0,
          0.0,
          1.0
        ]
      ]
    },
    {
      "file_name": "DJI_0819.JPG",
      "camera_to_world": [
        [
          0.11619412902618931,
          -0.4082357529502931,
          -0.9054515417143829,
          0.5830964223322184
        ],
        [
          0.019677041351492175,
          0.9123936522287704,
          -0.4088406014772715,
          -2.744384234214139
        ],
        [
          0.9930315898416813,
          0.029688270171108755,
          0.1140476575417062,
          -10.39445921876718
        ],
        [
          0.0,
          0.0,
          0.0,
          1.0
        ]
      ]
    },
    {
      "file_name": "DJI_0823.JPG",
      "camera_to_world": [
        [
          -0.004036844570539433,
          -0.4111049357469185,
          -0.9115790891033183,
          0.9335190385409202
        ],
        [
          0.015992279276867083,
          0.9114433962596264,
          -0.41111456118489426,
          -2.68390803455515
        ],
        [
          0.9998639661921237,
          -0.016237832960081244,
          0.0028951496190186,
          -12.209532378146589
        ],
        [
          0.0,
          0.0,
          0.0,
          1.0
        ]
      ]
    },
    {
      "file_name": "DJI_0825.JPG",
      "camera_to_world": [
        [
          -0.007648775242550698,
          -0.40932113090554045,
          -0.912358322169255,
          0.3139150137386508
        ],
        [
          0.0168689622717329,
          0.9122023631773334,
          -0.40939258264600165,
          -2.7213645559391706
        ],
        [
          0.9998284524603027,
          -0.018521889965601335,
          -7.240813739839425e-05,
          -13.953802239511777
        ],
        [
          0.0,
          0.0,
          0.0,
          1.0
        ]
      ]
    },
    {
      "file_name": "DJI_0831.JPG",
      "camera_to_world": [
        [
          0.03447258747625337,
          -0.2902976930692734,
          -0.9563152671119239,
          -0.17055315304516583
        ],
        [
          0.020995989865233267,
          0.9568831739504222,
          -0.28971323721940145,
          -2.915577558826059
        ],
        [
          0.9991850725077269,
          -0.01009162074317535,
          0.03908132634014394,
          -15.827806005798205
        ],
        [
          0.0,
          0.0,
          0.0,
          1.0
        ]
      ]
    },
    {
      "file_name": "DJI_0835.JPG",
      "camera_to_world": [
        [
          0.2219958273157825,
          -0.09956719384447066,
          -0.9699506309933095,
          -0.16471591018794385
        ],
        [
          0.022301546020374326,
          0.9950308366594823,
          -0.09703749348489855,
          -3.186701405815772
        ],
        [
          0.9747925387996579,
          -8.947998775848953e-05,
          0.22311319614457903,
          -17.454080089971427
        ],
        [
          0.0,
          0.0,
          0.0,
          1.0
        ]
      ]
    },
    {
      "file_name": "DJI_0840.JPG",
      "camera_to_world": [
        [
          0.08202123439312048,
          0.08378176450439045,
          -0.9931027807055822,
          0.3459793251397585
        ],
        [
          0.013281561816388392,
          0.9962798973606775,
          0.08514673352933447,
          -3.1731027251154664
        ],
        [
          0.9965420800068335,
          -0.02017379616058651,
          0.08060335429822296,
          -19.63426429037979
        ],
        [
          0.0,
          0.0,
          0.0,
          1.0
        ]
      ]
    },
    {
      "file_name": "DJI_0844.JPG",
      "camera_to_world": [
        [
          0.07090193181605753,
          -0.35016926105968993,
          -0.9339991459705206,
          0.1625163029234571
        ],
        [
          0.01778798236132867,
          0.93665064872328,
          -0.34981302138395565,
          -3.1861049001929795
        ],
        [
          0.9973246731873548,
          0.008188458656514658,
          0.07263914507045333,
          -21.294998947158327
        ],
        [
          0.0,
          0.0,
          0.0,
          1.0
        ]
      ]
    },
    {
      "file_name": "DJI_0847.JPG",
      "camera_to_world": [
        [
          -0.03544949595466296,
          -0.23939157758583166,
          -0.9702757370034186,
          -0.5163553683620492
        ],
        [
          0.014112312059311877,
          0.9706692506747521,
          -0.24000426755134147,
          -3.210608094790412
        ],
        [
          0.9992718228214489,
          -0.022200864295834177,
          -0.031031367027848145,
          -23.126623797188962
        ],
        [
          0.0,
          0.0,
          0.0,
          1.0
        ]
      ]
    },
    {
      "file_name": "DJI_0851.JPG",
      "camera_to_world": [
        [
          0.06322246990057201,
          -0.15812665288023353,
          -0.9853927546661614,
          -0.8546780496861679
        ],
        [
          0.015406842690496567,
          0.9874050046008065,
          -0.15746106213153654,
          -3.134300850358409
        ],
        [
          0.9978805281685688,
          -0.005226713898373411,
          0.06486241564914919,
          -24.888286667299976
        ],
        [
          0.0,
          0.0,
          0.0,
          1.0
        ]
      ]
    },
    {
      "file_name": "DJI_0853.JPG",
      "camera_to_world": [
        [
          0.04014353262550985,
          -0.1015005646281594,
          -0.9940252170687168,
          -1.5172706927090864
        ],
        [
          0.013294374014287874,
          0.9947933215343621,
          -0.10104210533336833,
          -3.282179694698708
        ],
        [
          0.9991054781192589,
          -0.00915875596334493,
          0.041283904627482104,
          -26.254022409665463
        ],
        [
          0.0,
          0.0,
          0.0,
          1.0
        ]
      ]
    },
    {
      "file_name": "DJI_0742.JPG",
      "camera_to_world": [
        [
          -0.2071443908836048,
          0.19853708205235693,
          0.957953145188007,
          5.791675262416451
        ],
        [
          -0.013798324328860051,
          0.9785011258165801,
          -0.20577937948541114,
          -2.638165565029454
        ],
        [
          -0.9782130685955768,
          -0.0558441924090675,
          -0.19995154063673315,
          3.5053588084059575
        ],
        [
          0.0,
          0.0,
          0.0,
          1.0
        ]
      ]
    },
    {
      "file_name": "DJI_0744.JPG",
      "camera_to_world": [
        [
          -0.11054753843926979,
          -0.07617109076660288,
          0.9909476306427322,
          7.240263768293424
        ],
        [
          -0.015178373442364616,
          0.9970718765014298,
          0.07494858283891373,
          -2.710361189690477
        ],
        [
          -0.9937549289058459,
          -0.0067555918573681956,
          -0.11137999485542438,
          5.091095406930008
        ],
        [
          0.0,
          0.0,
          0.0,
          1.0
        ]
      ]
    },
    {
      "file_name": "DJI_0746.JPG",
      "camera_to_world": [
        [
          -0.17435458683313754,
          -0.04021561945084323,
          0.983861363202372,
          5.274773801728443
        ],
        [
          -0.014914732149955518,
          0.9991588856066993,
          0.038197802005794416,
          -2.75454040625595
        ],
        [
          -0.9845699715180938,
          -0.008014066718199188,
          -0.17480773987296816,
          2.0016196496788217
        ],
        [
          0.0,
          0.0,
          0.0,
          1.0
        ]
      ]
    },
    {
      "file_name": "DJI_0752.JPG",
      "camera_to_world": [
        [
          -0.14016898171171088,
          -0.037372982138096936,
          0.9894220114652837,
          5.146492425488013
        ],
        [
          -0.015082869920416169,
          0.9992520255576586,
          0.03560753366747269,
          -2.6713207016044302
        ],
        [
          -0.9900127088077538,
          -0.00993225175989229,
          -0.1406278307239084,
          -0.030066855102357515
        ],
        [
          0.0,
          0.0,
          0.0,
          1.0
        ]
      ]
    },
    {
      "file_name": "DJI_0753.JPG",
      "camera_to_world": [
        [
          -0.21417389772891426,
          -0.020512592546932707,
          0.97658014268088,
          4.278361282202659
        ],
        [
          -0.015451642066045723,
          0.9997255288011735,
          0.01761004885503592,
          -2.7372654268117818
        ],
        [
          -0.9766733273152632,
          -0.011318154011033173,
          -0.2144320664003292,
          -1.6396683447216795
        ],
        [
          0.0,
          0.0,
          0.0,
          1.0
        ]
      ]
    },
    {
      "file_name": "DJI_0758.JPG",
      "camera_to_world": [
        [
          -0.06599274761524376,
          0.01136459438470733,
          0.9977553824744129,
          4.314559338790653
        ],
        [
          -0.012432869241535735,
          0.9998481490666596,
          -0.012210756340114669,
          -2.7142733251335747
        ],
        [
          -0.9977426426812747,
          -0.013210783566687274,
          -0.06584143203895665,
          -3.691264987540901
        ],
        [
          0.0,
          0.0,
          0.0,
          1.0
        ]
      ]
    },
    {
      "file_name": "DJI_0761.JPG",
      "camera_to_world": [
        [
          -0.08368572845128042,
          -0.0433643760938486,
          0.9955482056332429,
          3.703556860095503
        ],
        [
          -0.0140377859999003,
          0.999004852135727,
          0.04233492616617207,
          -2.6530474717865946
        ],
        [
          -0.9963933156228014,
          -0.010432463528116921,
          -0.0842111886089667,
          -5.408259104500045
        ],
        [
          0.0,
          0.0,
          0.0,
          1.0
        ]
      ]
    },
    {
      "file_name": "DJI_0764.JPG",
      "camera_to_world": [
        [
          -0.09893202113921085,
          -0.04174945280421266,
          0.9942180034498772,
          4.313865108842611
        ],
        [
          -0.013738132552713292,
          0.9990815724475719,
          0.04058663954617725,
          -2.7765572237910403
        ],
        [
          -0.9949993562346034,
          -0.009643380436136441,
          -0.09941471876180685,
          -7.229555526933301
        ],
        [
          0.0,
          0.0,
          0.0,
          1.0
        ]
      ]
    },
    {
      "file_name": "DJI_0766.JPG",
      "camera_to_world": [
        [
          -0.09888698983615885,
          -0.04442504264292289,
          0.9941065228773616,
          3.5727720629980286
        ],
        [
          -0.014350014022539038,
          0.9989627490258018,
          0.04321461739233246,
          -2.7776662627338062
        ],
        [
          -0.9949951961385022,
          -0.00999207911233859,
          -0.09942191919449361,
          -8.84718376998148
        ],
        [
          0.0,
          0.0,
          0.0,
          1.0
        ]
      ]
    },
    {
      "file_name": "DJI_0770.JPG",
      "camera_to_world": [
        [
          -0.08224097370398575,
          0.04643690449678112,
          0.9955300277465149,
          3.3620740130315045
        ],
        [
          -0.013316416576144744,
          0.9987734988297812,
          -0.047688269887759496,
          -2.77609486398124
        ],
        [
          -0.9965235046368903,
          -0.017178822313361358,
          -0.08152173188871226,
          -10.600002134761745
        ],
        [
          0.0,
          0.0,
          0.0,
          1.0
        ]
      ]
    },
    {
      "file_name": "DJI_0774.JPG",
      "camera_to_world": [
        [
          -0.11847326268355007,
          0.15633850567368074,
          0.9805724642640313,
          3.483523472572939
        ],
        [
          -0.013395694893273483,
          0.9871858649129743,
          -0.15901139416516386,
          -2.787982456631907
        ],
        [
          -0.9928668799932047,
          -0.03197404822263328,
          -0.1148608673692475,
          -12.388600786187002
        ],
        [
          0.0,
          0.0,
          0.0,
          1.0
        ]
      ]
    },
    {
      "file_name": "DJI_0779.JPG",
      "camera_to_world": [
        [
          -0.1609854630856522,
          0.10980490598574826,
          0.9808295281528587,
          3.277360485062138
        ],
        [
          -0.015236274714458029,
          0.9933968505517152,
          -0.11371259053754221,
          -2.891731633467398
        ],
        [
          -0.9868391645085455,
          -0.03325026218534457,
          -0.15824943430130234,
          -14.270337650877831
        ],
        [
          0.0,
          0.0,
          0.0,
          1.0
        ]
      ]
    },
    {
      "file_name": "DJI_0783.JPG",
      "camera_to_world": [
        [
          -0.08182922182830032,
          -0.058512010767865344,
          0.994927295359252,
          3.046691432032791
        ],
        [
          -0.014232664262500899,
          0.9982419538478569,
          0.05753636107718483,
          -2.936844761534339
        ],
        [
          -0.9965447354348754,
          -0.00945231050666815,
          -0.08251814408431524,
          -15.947721653698688
        ],
        [
          0.0,
          0.0,
          0.0,
          1.0
        ]
      ]
    },
    {
      "file_name": "DJI_0787.JPG",
      "camera_to_world": [
        [
          -0.1063309561779815,
          0.36384572418808214,
          0.9253702052413004,
          4.277190197883186
        ],
        [
          -0.010399251026938033,
          0.930188403824685,
          -0.3669351291007218,
          -2.557508484557128
        ],
        [
          -0.9942764119380261,
          -0.04863972018972429,
          -0.09512409938343924,
          -17.92383778019236
        ],
        [
          0.0,
          0.0,
          0.0,
          1.0
        ]
      ]
    },
    {
      "file_name": "DJI_0801.JPG",
      "camera_to_world": [
        [
          -0.15204609016953863,
          -0.5722473525842652,
          -0.8058628629763603,
          1.4764542642041736
        ],
        [
          0.012142584754510466,
          0.8141994840639878,
          -0.5804582308705903,
          -2.4809718354457297
        ],
        [
          0.9882988131631222,
          -0.09804166262480346,
          -0.11684728619068618,
          -3.442664873089911
        ],
        [
          0.0,
          0.0,
          0.0,
          1.0
        ]
      ]
    }
  ]
}